0
0
0
0
0
0
0
0
0
4
1
1
0
0
0
0
0
0
0
0
0
0
0
0
0
0
0
0
4
1
1
1
0
0
0
0
0
0
0
0
0
0
0
0
0
0
0
0
1
0
1
1
0
0
0
0
0
0
0
0
0
0
0
0
0
0
0
0
3
1
1
1
1
0
0
0
0
0
0
0
0
0
0
0
0
0
0
0
0
1
0
3
1
1
0
0
0
0
0
0
0
0
0
0
0
0
0
0
0
1
0
0
3
1
0
0
0
0
0
0
0
0
0
0
0
0
0
0
0
1
0
0
0
1
0
0
0
0
0
0
0
0
0
0
0
0
0
4
1
1
0
0
0
1
0
0
0
0
0
0
0
0
0
0
0
4
1
0
0
0
0
0
0
3
1
1
0
0
0
0
2
2
2
2
2
2
2
2
2
2
2
2
2
2
2
2
2
2
2
2
2
2
2
2
2
2
2
2
2
2
2
2
2
2
2
2
2
2
2
2
0
0
0
0
0
0
0
0
0
0
0
4
0
0
0
0
0
0
4
0
0
0
0
0
0
0
0
4
1
1
1
1
0
0
0
0
0
0
1
0
0
0
0
0
0
9
1
1
1
1
1
1
1
0
0
0
0
4
1
0
0
0
0
0
0
1
1
1
1
1
1
0
8
1
1
1
1
1
0
0
0
0
0
0
9
1
1
1
0
0
0
0
0
0
0
0
1
1
0
0
0
0
8
1
1
1
1
1
0
0
0
0
0
0
0
0
3
1
0
0
0
0
0
0
0
0
15
1
1
0
0
0
0
0
0
0
0
1
0
0
0
0
0
0
0
0
8
14
14
14
19
0
0
0
0
0
0
1
0
0
0
0
0
0
0
0
0
0
0
0
15
1
1
1
0
0
0
1
0
0
